Nt=100 
Nx=128
Ny=128
Nz=512
SM_mult_x=1
SM_mult_y=1
SM_mult_z=1
threads_per_block_x=1024
threads_per_block_y=1024
threads_per_block_z=1024
pinch_current=1.0
D=1.0
x_min=-3.14159
x_max=3.14159
y_min=-3.14159
y_max=3.14159
z_min=-3.14159
z_max=3.14159
dt=0.1