Nt=100
Nx=64
Ny=64
Nz=64
J0=1.0
D=1.0
x_min=-3.14159
x_max=3.14159
y_min=-3.14159
y_max=3.14159
z_min=-3.14159
z_max=3.14159
dt=0.1